star 30 white 1000000000000000019884624838656.000000 9983314800.000000 400000000.000000 -1668.520000 40000.000000
star 30 cyan 1000000000000000019884624838656.000000 -9983314800.000000 -400000000.000000 1668.520000 -40000.000000
star 30 white 1000000000000000019884624838656.000000 9949928813.271198 799330852.044101 -3338.598673 39933.085204
star 30 cyan 1000000000000000019884624838656.000000 -9949928813.271198 -799330852.044101 3338.598673 -39933.085204
star 30 white 1000000000000000019884624838656.000000 9899851120.576141 1197320770.318476 -5007.769270 39798.991827
star 30 cyan 1000000000000000019884624838656.000000 -9899851120.576141 -1197320770.318476 5007.769270 -39798.991827
star 30 white 1000000000000000019884624838656.000000 9833115756.712648 1593296054.692585 -6673.536386 39597.528437
star 30 cyan 1000000000000000019884624838656.000000 -9833115756.712648 -1593296054.692585 6673.536386 -39597.528437
star 30 white 1000000000000000019884624838656.000000 9749781992.458607 1986581838.962069 -8333.376425 39328.578427
star 30 cyan 1000000000000000019884624838656.000000 -9749781992.458607 -1986581838.962069 8333.376425 -39328.578427
star 30 white 1000000000000000019884624838656.000000 9649934610.246954 2376502865.583072 -9984.738221 38992.102662
star 30 cyan 1000000000000000019884624838656.000000 -9649934610.246954 -2376502865.583072 9984.738221 -38992.102662
star 30 white 1000000000000000019884624838656.000000 9533684171.687895 2762384288.622457 -11625.043856 38588.142304
star 30 cyan 1000000000000000019884624838656.000000 -9533684171.687895 -2762384288.622457 11625.043856 -38588.142304
star 30 white 1000000000000000019884624838656.000000 9401167274.838932 3143552506.566900 -13251.689685 38116.821794
star 30 cyan 1000000000000000019884624838656.000000 -9401167274.838932 -3143552506.566900 13251.689685 -38116.821794
star 30 white 1000000000000000019884624838656.000000 9252546798.903286 3519336026.534729 -14862.047594 37578.351997
star 30 cyan 1000000000000000019884624838656.000000 -9252546798.903286 -3519336026.534729 14862.047594 -37578.351997
star 30 white 1000000000000000019884624838656.000000 9088012133.814651 3889066361.316200 -16453.466509 36973.033478
star 30 cyan 1000000000000000019884624838656.000000 -9088012133.814651 -3889066361.316200 16453.466509 -36973.033478
star 30 white 1000000000000000019884624838656.000000 8907779391.942137 4252078960.529253 -18023.274187 36301.259921
star 30 cyan 1000000000000000019884624838656.000000 -8907779391.942137 -4252078960.529253 18023.274187 -36301.259921
star 30 white 1000000000000000019884624838656.000000 8712091598.924959 4607714177.017092 -19568.779302 35563.521649
star 30 cyan 1000000000000000019884624838656.000000 -8712091598.924959 -4607714177.017092 19568.779302 -35563.521649
star 30 white 1000000000000000019884624838656.000000 8501218860.423679 4955318269.429862 -21087.273850 34760.409241
star 30 cyan 1000000000000000019884624838656.000000 -8501218860.423679 -4955318269.429862 21087.273850 -34760.409241
star 30 white 1000000000000000019884624838656.000000 8275458501.355312 5294244441.723687 -22576.035907 33892.617229
star 30 cyan 1000000000000000019884624838656.000000 -8275458501.355312 -5294244441.723687 22576.035907 -33892.617229
star 30 white 1000000000000000019884624838656.000000 8035135173.965696 5623853920.075160 -24032.332739 32960.947835
star 30 cyan 1000000000000000019884624838656.000000 -8035135173.965696 -5623853920.075160 24032.332739 -32960.947835
star 30 white 1000000000000000019884624838656.000000 7780600930.886573 5943517067.446758 -25453.424308 31966.314737
star 30 cyan 1000000000000000019884624838656.000000 -7780600930.886573 -5943517067.446758 25453.424308 -31966.314737
star 30 white 1000000000000000019884624838656.000000 7512235259.129620 6252614535.747539 -26836.567176 30909.746830
star 30 cyan 1000000000000000019884624838656.000000 -7512235259.129620 -6252614535.747539 26836.567176 -30909.746830
star 30 white 1000000000000000019884624838656.000000 7230445070.788365 6550538455.212988 -28179.018834 29792.391947
star 30 cyan 1000000000000000019884624838656.000000 -7230445070.788365 -6550538455.212988 28179.018834 -29792.391947
star 30 white 1000000000000000019884624838656.000000 6935664646.054823 6836693660.277469 -29478.042473 28615.520506
star 30 cyan 1000000000000000019884624838656.000000 -6935664646.054823 -6836693660.277469 29478.042473 -28615.520506
star 30 white 1000000000000000019884624838656.000000 6628355524.014592 7110498950.832042 -30730.912204 27380.529055
star 30 cyan 1000000000000000019884624838656.000000 -6628355524.014592 -7110498950.832042 30730.912204 -27380.529055
star 30 white 1000000000000000019884624838656.000000 6309006336.566059 7371388387.349589 -31934.918745 26088.943652
star 30 cyan 1000000000000000019884624838656.000000 -6309006336.566059 -7371388387.349589 31934.918745 -26088.943652
star 30 white 1000000000000000019884624838656.000000 5978132580.720428 7618812617.918742 -33087.375585 24742.423057
star 30 cyan 1000000000000000019884624838656.000000 -5978132580.720428 -7618812617.918742 33087.375585 -24742.423057
star 30 white 1000000000000000019884624838656.000000 5636276324.484185 7852240234.759031 -34185.625624 23342.761684
star 30 cyan 1000000000000000019884624838656.000000 -5636276324.484185 -7852240234.759031 34185.625624 -23342.761684
star 30 white 1000000000000000019884624838656.000000 5284005841.508900 8071159157.293652 -35227.048298 21891.892253
star 30 cyan 1000000000000000019884624838656.000000 -5284005841.508900 -8071159157.293652 35227.048298 -21891.892253
star 30 white 1000000000000000019884624838656.000000 4921915169.719748 8275078038.335365 -36209.067179 20391.888104
star 30 cyan 1000000000000000019884624838656.000000 -4921915169.719748 -8275078038.335365 36209.067179 -20391.888104
star 30 white 1000000000000000019884624838656.000000 4550623589.208843 8463527689.398368 -37129.158051 18844.965106
star 30 cyan 1000000000000000019884624838656.000000 -4550623589.208843 -8463527689.398368 37129.158051 -18844.965106
