star 30 white 1000000000000000019884624838656.000000 9983314800.000000 400000000.000000 -1668.520000 40000.000000 10000.000000
star 30 cyan 1000000000000000019884624838656.000000 -9983314800.000000 -400000000.000000 1668.520000 -40000.000000 10000.000000
star 30 white 1000000000000000019884624838656.000000 9949928813.271198 799330852.044101 -3338.598673 39933.085204 20000.000000
star 30 cyan 1000000000000000019884624838656.000000 -9949928813.271198 -799330852.044101 3338.598673 -39933.085204 20000.000000
star 30 white 1000000000000000019884624838656.000000 9899851120.576141 1197320770.318476 -5007.769270 39798.991827 30000.000000
star 30 cyan 1000000000000000019884624838656.000000 -9899851120.576141 -1197320770.318476 5007.769270 -39798.991827 30000.000000
star 30 white 1000000000000000019884624838656.000000 9833115756.712648 1593296054.692585 -6673.536386 39597.528437 40000.000000
star 30 cyan 1000000000000000019884624838656.000000 -9833115756.712648 -1593296054.692585 6673.536386 -39597.528437 40000.000000
star 30 white 1000000000000000019884624838656.000000 9749781992.458607 1986581838.962069 -8333.376425 39328.578427 50000.000000
star 30 cyan 1000000000000000019884624838656.000000 -9749781992.458607 -1986581838.962069 8333.376425 -39328.578427 50000.000000
star 30 white 1000000000000000019884624838656.000000 9649934610.246954 2376502865.583072 -9984.738221 38992.102662 60000.000000
star 30 cyan 1000000000000000019884624838656.000000 -9649934610.246954 -2376502865.583072 9984.738221 -38992.102662 60000.000000
star 30 white 1000000000000000019884624838656.000000 9533684171.687895 2762384288.622457 -11625.043856 38588.142304 70000.000000
star 30 cyan 1000000000000000019884624838656.000000 -9533684171.687895 -2762384288.622457 11625.043856 -38588.142304 70000.000000
star 30 white 1000000000000000019884624838656.000000 9401167274.838932 3143552506.566900 -13251.689685 38116.821794 80000.000000
star 30 cyan 1000000000000000019884624838656.000000 -9401167274.838932 -3143552506.566900 13251.689685 -38116.821794 80000.000000
star 30 white 1000000000000000019884624838656.000000 9252546798.903286 3519336026.534729 -14862.047594 37578.351997 90000.000000
star 30 cyan 1000000000000000019884624838656.000000 -9252546798.903286 -3519336026.534729 14862.047594 -37578.351997 90000.000000
star 30 white 1000000000000000019884624838656.000000 9088012133.814651 3889066361.316200 -16453.466509 36973.033478 100000.000000
star 30 cyan 1000000000000000019884624838656.000000 -9088012133.814651 -3889066361.316200 16453.466509 -36973.033478 100000.000000
star 30 white 1000000000000000019884624838656.000000 8907779391.942137 4252078960.529253 -18023.274187 36301.259921 110000.000000
star 30 cyan 1000000000000000019884624838656.000000 -8907779391.942137 -4252078960.529253 18023.274187 -36301.259921 110000.000000
star 30 white 1000000000000000019884624838656.000000 8712091598.924959 4607714177.017092 -19568.779302 35563.521649 120000.000000
star 30 cyan 1000000000000000019884624838656.000000 -8712091598.924959 -4607714177.017092 19568.779302 -35563.521649 120000.000000
star 30 white 1000000000000000019884624838656.000000 8501218860.423679 4955318269.429862 -21087.273850 34760.409241 130000.000000
star 30 cyan 1000000000000000019884624838656.000000 -8501218860.423679 -4955318269.429862 21087.273850 -34760.409241 130000.000000
star 30 white 1000000000000000019884624838656.000000 8275458501.355312 5294244441.723687 -22576.035907 33892.617229 140000.000000
star 30 cyan 1000000000000000019884624838656.000000 -8275458501.355312 -5294244441.723687 22576.035907 -33892.617229 140000.000000
star 30 white 1000000000000000019884624838656.000000 8035135173.965696 5623853920.075160 -24032.332739 32960.947835 150000.000000
star 30 cyan 1000000000000000019884624838656.000000 -8035135173.965696 -5623853920.075160 24032.332739 -32960.947835 150000.000000
star 30 white 1000000000000000019884624838656.000000 7780600930.886573 5943517067.446758 -25453.424308 31966.314737 160000.000000
star 30 cyan 1000000000000000019884624838656.000000 -7780600930.886573 -5943517067.446758 25453.424308 -31966.314737 160000.000000
star 30 white 1000000000000000019884624838656.000000 7512235259.129620 6252614535.747539 -26836.567176 30909.746830 170000.000000
star 30 cyan 1000000000000000019884624838656.000000 -7512235259.129620 -6252614535.747539 26836.567176 -30909.746830 170000.000000
star 30 white 1000000000000000019884624838656.000000 7230445070.788365 6550538455.212988 -28179.018834 29792.391947 180000.000000
star 30 cyan 1000000000000000019884624838656.000000 -7230445070.788365 -6550538455.212988 28179.018834 -29792.391947 180000.000000
star 30 white 1000000000000000019884624838656.000000 6935664646.054823 6836693660.277469 -29478.042473 28615.520506 190000.000000
star 30 cyan 1000000000000000019884624838656.000000 -6935664646.054823 -6836693660.277469 29478.042473 -28615.520506 190000.000000
star 30 white 1000000000000000019884624838656.000000 6628355524.014592 7110498950.832042 -30730.912204 27380.529055 200000.000000
star 30 cyan 1000000000000000019884624838656.000000 -6628355524.014592 -7110498950.832042 30730.912204 -27380.529055 200000.000000
star 30 white 1000000000000000019884624838656.000000 6309006336.566059 7371388387.349589 -31934.918745 26088.943652 210000.000000
star 30 cyan 1000000000000000019884624838656.000000 -6309006336.566059 -7371388387.349589 31934.918745 -26088.943652 210000.000000
star 30 white 1000000000000000019884624838656.000000 5978132580.720428 7618812617.918742 -33087.375585 24742.423057 220000.000000
star 30 cyan 1000000000000000019884624838656.000000 -5978132580.720428 -7618812617.918742 33087.375585 -24742.423057 220000.000000
star 30 white 1000000000000000019884624838656.000000 5636276324.484185 7852240234.759031 -34185.625624 23342.761684 230000.000000
star 30 cyan 1000000000000000019884624838656.000000 -5636276324.484185 -7852240234.759031 34185.625624 -23342.761684 230000.000000
star 30 white 1000000000000000019884624838656.000000 5284005841.508900 8071159157.293652 -35227.048298 21891.892253 240000.000000
star 30 cyan 1000000000000000019884624838656.000000 -5284005841.508900 -8071159157.293652 35227.048298 -21891.892253 240000.000000
star 30 white 1000000000000000019884624838656.000000 4921915169.719748 8275078038.335365 -36209.067179 20391.888104 250000.000000
star 30 cyan 1000000000000000019884624838656.000000 -4921915169.719748 -8275078038.335365 36209.067179 -20391.888104 250000.000000
star 30 white 1000000000000000019884624838656.000000 4550623589.208843 8463527689.398368 -37129.158051 18844.965106 260000.000000
star 30 cyan 1000000000000000019884624838656.000000 -4550623589.208843 -8463527689.398368 37129.158051 -18844.965106 260000.000000
star 30 white 1000000000000000019884624838656.000000 4170775014.807016 8636062520.587986 -37984.857440 17253.483119 270000.000000
star 30 cyan 1000000000000000019884624838656.000000 -4170775014.807016 -8636062520.587986 37984.857440 -17253.483119 270000.000000
star 30 white 1000000000000000019884624838656.000000 3783037298.932979 8792261989.945356 -38773.771587 15619.946936 280000.000000
star 30 cyan 1000000000000000019884624838656.000000 -3783037298.932979 -8792261989.945356 38773.771587 -15619.946936 280000.000000
star 30 white 1000000000000000019884624838656.000000 3388101440.566266 8931732056.540979 -39493.585837 13947.006660 290000.000000
star 30 cyan 1000000000000000019884624838656.000000 -3388101440.566266 -8931732056.540979 39493.585837 -13947.006660 290000.000000
star 30 white 1000000000000000019884624838656.000000 2986680696.504089 9054106631.025391 -40142.074406 12237.457448 300000.000000
star 30 cyan 1000000000000000019884624838656.000000 -2986680696.504089 -9054106631.025391 40142.074406 -12237.457448 300000.000000
star 30 white 1000000000000000019884624838656.000000 2579509591.445913 9159049016.764082 -40717.110506 10494.238574 310000.000000
star 30 cyan 1000000000000000019884624838656.000000 -2579509591.445913 -9159049016.764082 40717.110506 -10494.238574 310000.000000
star 30 white 1000000000000000019884624838656.000000 2167342823.906178 9246253334.115065 -41216.676754 8720.431735 320000.000000
star 30 cyan 1000000000000000019884624838656.000000 -2167342823.906178 -9246253334.115065 41216.676754 -8720.431735 320000.000000
star 30 white 1000000000000000019884624838656.000000 1750954065.487269 9315445919.859694 -41638.875842 6919.258574 330000.000000
star 30 cyan 1000000000000000019884624838656.000000 -1750954065.487269 -9315445919.859694 41638.875842 -6919.258574 330000.000000
star 30 white 1000000000000000019884624838656.000000 1331134651.652947 9366386693.279898 -41981.941383 5094.077342 340000.000000
star 30 cyan 1000000000000000019884624838656.000000 -1331134651.652947 -9366386693.279898 41981.941383 -5094.077342 340000.000000
star 30 white 1000000000000000019884624838656.000000 908692162.826937 9398870479.897821 -42244.248883 3248.378662 350000.000000
star 30 cyan 1000000000000000019884624838656.000000 -908692162.826937 -9398870479.897821 42244.248883 -3248.378662 350000.000000
star 30 white 1000000000000000019884624838656.000000 484448895.401300 9412728283.467522 -42424.326743 1385.780357 360000.000000
star 30 cyan 1000000000000000019884624838656.000000 -484448895.401300 -9412728283.467522 42424.326743 -1385.780357 360000.000000
star 30 white 1000000000000000019884624838656.000000 59240223.071824 9407828496.443806 -42520.867233 -489.978702 370000.000000
star 30 cyan 1000000000000000019884624838656.000000 -59240223.071824 -9407828496.443806 42520.867233 489.978702 370000.000000
star 30 white 1000000000000000019884624838656.000000 -366087150.180971 9384078038.861492 -42532.737325 -2375.045758 380000.000000
star 30 cyan 1000000000000000019884624838656.000000 366087150.180971 -9384078038.861492 42532.737325 2375.045758 380000.000000
star 30 white 1000000000000000019884624838656.000000 -790677043.182353 9341423415.350498 -42458.989300 -4265.462351 390000.000000
star 30 cyan 1000000000000000019884624838656.000000 790677043.182353 -9341423415.350498 42458.989300 4265.462351 390000.000000
star 30 white 1000000000000000019884624838656.000000 -1213665753.422861 9279851679.898983 -42298.871024 -6157.173545 400000.000000
star 30 cyan 1000000000000000019884624838656.000000 1213665753.422861 -9279851679.898983 42298.871024 6157.173545 400000.000000
star 30 white 1000000000000000019884624838656.000000 -1634184111.318227 9199391297.968525 -42051.835790 -8046.038193 410000.000000
star 30 cyan 1000000000000000019884624838656.000000 1634184111.318227 -9199391297.968525 42051.835790 8046.038193 410000.000000
star 30 white 1000000000000000019884624838656.000000 -2051359627.400107 9100112895.671518 -41717.551608 -9927.840230 420000.000000
star 30 cyan 1000000000000000019884624838656.000000 2051359627.400107 -9100112895.671518 41717.551608 9927.840230 420000.000000
star 30 white 1000000000000000019884624838656.000000 -2464318725.844404 8982129885.949860 -41295.909844 -11798.300972 430000.000000
star 30 cyan 1000000000000000019884624838656.000000 2464318725.844404 -8982129885.949860 41295.909844 11798.300972 430000.000000
star 30 white 1000000000000000019884624838656.000000 -2872189056.612332 8845598962.052485 -40787.033077 -13653.092390 440000.000000
star 30 cyan 1000000000000000019884624838656.000000 2872189056.612332 -8845598962.052485 40787.033077 13653.092390 440000.000000
