star 30 red 1988919999999999913189181489152.000000 6.681012 0.000000 0.000668 0.000000 10000.000000
planet 5 green 5974000000000000373293056.000000 120719087229.624588 297600000.000000 11908.722962 29760.000000 10000.000000
planet 5 green 5974000000000000373293056.000000 100511088465.388321 297600000.000000 -8891.153461 29760.000000 10000.000000
star 30 red 1988919999999999913189181489152.000000 20.044526 0.018430 0.001336 0.000002 20000.000000
planet 5 green 5974000000000000373293056.000000 120837263498.997101 595197754.516533 11817.626937 29759.775452 20000.000000
planet 5 green 5974000000000000373293056.000000 100420863089.847137 595196109.602203 -9022.537554 29759.610960 20000.000000
star 30 red 1988919999999999913189181489152.000000 40.092057 0.073742 0.002005 0.000006 30000.000000
planet 5 green 5974000000000000373293056.000000 120954530615.633560 892791031.368478 11726.711664 29759.327685 30000.000000
planet 5 green 5974000000000000373293056.000000 100329321561.307068 892784417.776973 -9154.152854 29758.830817 30000.000000
star 30 red 1988919999999999913189181489152.000000 66.825147 0.184411 0.002673 0.000011 40000.000000
planet 5 green 5974000000000000373293056.000000 121070890384.419357 1190377611.585370 11635.976879 29758.658022 40000.000000
planet 5 green 5974000000000000373293056.000000 100236461561.957535 1190360992.653340 -9285.999935 29757.657488 40000.000000
star 30 red 1988919999999999913189181489152.000000 100.245362 0.368935 0.003342 0.000018 50000.000000
planet 5 green 5974000000000000373293056.000000 121186344607.586456 1487955289.316315 11545.422317 29757.767773 50000.000000
planet 5 green 5974000000000000373293056.000000 100142280768.257980 1487921881.307540 -9418.079370 29756.088865 50000.000000
star 30 red 1988919999999999913189181489152.000000 140.354291 0.645839 0.004011 0.000028 60000.000000
planet 5 green 5974000000000000373293056.000000 121300895084.691025 1785521871.739512 11455.047710 29756.658242 60000.000000
planet 5 green 5974000000000000373293056.000000 100046776850.950211 1785463109.549564 -9550.391731 29754.122824 60000.000000
star 30 red 1988919999999999913189181489152.000000 187.153552 1.033671 0.004680 0.000039 70000.000000
planet 5 green 5974000000000000373293056.000000 121414543612.591522 2083075178.972379 11364.852790 29755.330723 70000.000000
planet 5 green 5974000000000000373293056.000000 99949947475.071671 2082980681.707690 -9682.937588 29751.757216 70000.000000
star 30 red 1988919999999999913189181489152.000000 240.644786 1.551007 0.005349 0.000052 80000.000000
planet 5 green 5974000000000000373293056.000000 121527291985.427277 2380613043.982280 11274.837284 29753.786501 80000.000000
planet 5 green 5974000000000000373293056.000000 99851790299.969757 2380470580.410995 -9815.717510 29748.989870 80000.000000
star 30 red 1988919999999999913189181489152.000000 300.829659 2.216450 0.006018 0.000067 90000.000000
planet 5 green 5974000000000000373293056.000000 121639141994.597412 2678133312.497842 11185.000917 29752.026852 90000.000000
planet 5 green 5974000000000000373293056.000000 99752302979.317276 2677928766.369790 -9948.732065 29745.818596 90000.000000
star 30 red 1988919999999999913189181489152.000000 367.709865 3.048631 0.006688 0.000083 100000.000000
planet 5 green 5974000000000000373293056.000000 121750095428.740326 2975633842.920877 11095.343414 29750.053042 100000.000000
planet 5 green 5974000000000000373293056.000000 99651483161.128845 2975351178.153998 -10081.981819 29742.241178 100000.000000
star 30 red 1988919999999999913189181489152.000000 441.287119 4.066213 0.007358 0.000102 110000.000000
planet 5 green 5974000000000000373293056.000000 121860154073.713547 3273112506.238883 11005.864497 29747.866332 110000.000000
planet 5 green 5974000000000000373293056.000000 99549328487.778473 3272733731.969411 -10215.467335 29738.255382 110000.000000
star 30 red 1988919999999999913189181489152.000000 521.563166 5.287886 0.008028 0.000122 120000.000000
planet 5 green 5974000000000000373293056.000000 121969319712.574051 3570567185.938137 10916.563886 29745.467970 120000.000000
planet 5 green 5974000000000000373293056.000000 99445836596.018188 3570072321.431837 -10349.189176 29733.858946 120000.000000
star 30 red 1988919999999999913189181489152.000000 608.539773 6.732373 0.008698 0.000144 130000.000000
planet 5 green 5974000000000000373293056.000000 122077594125.559006 3867995777.917374 10827.441298 29742.859198 130000.000000
planet 5 green 5974000000000000373293056.000000 99341005116.997787 3867362817.339084 -10483.147902 29729.049591 130000.000000
star 30 red 1988919999999999913189181489152.000000 702.218733 8.418429 0.009368 0.000169 140000.000000
planet 5 green 5974000000000000373293056.000000 122184979090.066910 4165396190.402042 10738.496451 29740.041248 140000.000000
planet 5 green 5974000000000000373293056.000000 99234831676.285767 4164601067.440789 -10617.344071 29723.825010 140000.000000
star 30 red 1988919999999999913189181489152.000000 802.601864 10.364841 0.010038 0.000195 150000.000000
planet 5 green 5974000000000000373293056.000000 122291476380.639236 4462766343.859142 10649.729057 29737.015346 150000.000000
planet 5 green 5974000000000000373293056.000000 99127313893.891373 4461782896.206037 -10751.778239 29718.182877 150000.000000
star 30 red 1988919999999999913189181489152.000000 909.691012 12.590432 0.010709 0.000223 160000.000000
planet 5 green 5974000000000000373293056.000000 122397087768.942429 4760104170.912635 10561.138830 29733.782705 160000.000000
planet 5 green 5974000000000000373293056.000000 99018449384.287811 4758904104.588762 -10886.450960 29712.120838 160000.000000
star 30 red 1988919999999999913189181489152.000000 1023.488043 15.114059 0.011380 0.000252 170000.000000
planet 5 green 5974000000000000373293056.000000 122501815023.750305 5057407616.259422 10472.725481 29730.344535 170000.000000
planet 5 green 5974000000000000373293056.000000 98908235756.436737 5055960469.790917 -11021.362785 29705.636520 170000.000000
star 30 red 1988919999999999913189181489152.000000 1143.994854 17.954615 0.012051 0.000284 180000.000000
planet 5 green 5974000000000000373293056.000000 122605659910.926926 5354674636.585898 10384.488718 29726.702033 180000.000000
planet 5 green 5974000000000000373293056.000000 98796670613.813873 5352947745.023356 -11156.514262 29698.727523 180000.000000
star 30 red 1988919999999999913189181489152.000000 1271.213363 21.131030 0.012722 0.000318 190000.000000
planet 5 green 5974000000000000373293056.000000 122708624193.409851 5651903200.485065 10296.428248 29722.856390 190000.000000
planet 5 green 5974000000000000373293056.000000 98683751554.435913 5649861659.264438 -11291.905938 29691.391424 190000.000000
star 30 red 1988919999999999913189181489152.000000 1405.145515 24.662272 0.013393 0.000353 200000.000000
planet 5 green 5974000000000000373293056.000000 122810709631.193771 5949091288.374209 10208.543778 29718.808789 200000.000000
planet 5 green 5974000000000000373293056.000000 98569476170.888672 5946697917.016300 -11427.538355 29683.625775 200000.000000
star 30 red 1988919999999999913189181489152.000000 1545.793280 28.567350 0.014065 0.000391 210000.000000
planet 5 green 5974000000000000373293056.000000 122911917981.314560 6246236892.413135 10120.835012 29714.560404 210000.000000
planet 5 green 5974000000000000373293056.000000 98453842050.356598 6243452198.058802 -11563.412053 29675.428104 210000.000000
star 30 red 1988919999999999913189181489152.000000 1693.158653 32.865309 0.014737 0.000430 220000.000000
planet 5 green 5974000000000000373293056.000000 123012250997.833755 6543338016.422957 10033.301652 29710.112401 220000.000000
planet 5 green 5974000000000000373293056.000000 98336846774.653442 6540120157.201085 -11699.527570 29666.795914 220000.000000
star 30 red 1988919999999999913189181489152.000000 1847.243652 37.575239 0.015408 0.000471 230000.000000
planet 5 green 5974000000000000373293056.000000 123111710431.823349 6840392675.805448 9945.943399 29705.465938 230000.000000
planet 5 green 5974000000000000373293056.000000 98218487920.254456 6836697424.030748 -11835.885440 29657.726683 230000.000000
star 30 red 1988919999999999913189181489152.000000 2008.050324 42.716268 0.016081 0.000514 240000.000000
planet 5 green 5974000000000000373293056.000000 123210298031.351013 7137398897.462922 9858.759953 29700.622166 240000.000000
planet 5 green 5974000000000000373293056.000000 98098763058.329803 7133179602.660598 -11972.486192 29648.217863 240000.000000
star 30 red 1988919999999999913189181489152.000000 2175.580737 48.307571 0.016753 0.000559 250000.000000
planet 5 green 5974000000000000373293056.000000 123308015541.465729 7434354719.718684 9771.751011 29695.582226 250000.000000
planet 5 green 5974000000000000373293056.000000 97977669754.779404 7429562271.472949 -12109.330355 29638.266881 250000.000000
star 30 red 1988919999999999913189181489152.000000 2349.836987 54.368365 0.017426 0.000606 260000.000000
planet 5 green 5974000000000000373293056.000000 123404864704.183716 7731258192.238005 9684.916272 29690.347252 260000.000000
planet 5 green 5974000000000000373293056.000000 97855205570.269241 7725840982.861459 -12246.418451 29627.871139 260000.000000
star 30 red 1988919999999999913189181489152.000000 2530.821192 60.917911 0.018098 0.000655 270000.000000
planet 5 green 5974000000000000373293056.000000 123500847258.474808 8028107375.949643 9598.255429 29684.918371 270000.000000
planet 5 green 5974000000000000373293056.000000 97731368060.269043 8022011262.970453 -12383.751000 29617.028011 270000.000000
star 30 red 1988919999999999913189181489152.000000 2718.535497 67.975518 0.018771 0.000706 280000.000000
planet 5 green 5974000000000000373293056.000000 123595964940.249161 8324900342.967906 9511.768177 29679.296702 280000.000000
planet 5 green 5974000000000000373293056.000000 97606154775.091492 8318068611.431731 -12521.328518 29605.734846 280000.000000
star 30 red 1988919999999999913189181489152.000000 2912.982069 75.560540 0.019445 0.000759 290000.000000
planet 5 green 5974000000000000373293056.000000 123690219482.344315 8621635176.515238 9425.454210 29673.483355 290000.000000
planet 5 green 5974000000000000373293056.000000 97479563259.932861 8614008501.098810 -12659.151516 29593.988967 290000.000000
star 30 red 1988919999999999913189181489152.000000 3114.163103 83.692382 0.020118 0.000813 300000.000000
planet 5 green 5974000000000000373293056.000000 123783612614.512634 8918309970.845345 9339.313217 29667.479433 300000.000000
planet 5 green 5974000000000000373293056.000000 97351591054.915283 8909826377.778591 -12797.220502 29581.787668 300000.000000
star 30 red 1988919999999999913189181489152.000000 3322.080815 92.390496 0.020792 0.000870 310000.000000
planet 5 green 5974000000000000373293056.000000 123876146063.409088 9214922831.166840 9253.344890 29661.286032 310000.000000
planet 5 green 5974000000000000373293056.000000 97222235695.130463 9205517659.960417 -12935.535978 29569.128218 310000.000000
star 30 red 1988919999999999913189181489152.000000 3536.737447 101.674385 0.021466 0.000928 320000.000000
planet 5 green 5974000000000000373293056.000000 123967821552.579376 9511471873.567417 9167.548917 29654.904240 320000.000000
planet 5 green 5974000000000000373293056.000000 97091494710.685074 9501077738.542488 -13074.098445 29556.007858 320000.000000
star 30 red 1988919999999999913189181489152.000000 3758.135265 111.563601 0.022140 0.000989 330000.000000
planet 5 green 5974000000000000373293056.000000 124058640802.448395 9807955224.938545 9081.924987 29648.335137 330000.000000
planet 5 green 5974000000000000373293056.000000 96959365626.747726 9796501976.555616 -13212.908394 29542.423801 330000.000000
star 30 red 1988919999999999913189181489152.000000 3986.276560 122.077753 0.022814 0.001051 340000.000000
planet 5 green 5974000000000000373293056.000000 124148605530.309082 10104371022.900677 8996.472786 29641.579796 340000.000000
planet 5 green 5974000000000000373293056.000000 96825845963.597595 10091785708.884279 -13351.966315 29528.373233 340000.000000
star 30 red 1988919999999999913189181489152.000000 4221.163645 133.236499 0.023489 0.001116 350000.000000
planet 5 green 5974000000000000373293056.000000 124237717450.311523 10400717415.728973 8911.192000 29634.639283 350000.000000
planet 5 green 5974000000000000373293056.000000 96690933236.674774 10386924241.984957 -13491.272692 29513.853310 350000.000000
star 30 red 1988919999999999913189181489152.000000 4462.798857 145.059553 0.024164 0.001182 360000.000000
planet 5 green 5974000000000000373293056.000000 124325978273.452438 10696992562.279545 8826.082314 29627.514655 360000.000000
planet 5 green 5974000000000000373293056.000000 96554624956.632278 10681912853.601711 -13630.828004 29498.861162 360000.000000
star 30 red 1988919999999999913189181489152.000000 4711.184560 157.566685 0.024839 0.001251 370000.000000
planet 5 green 5974000000000000373293056.000000 124413389707.565033 10993194631.916193 8741.143411 29620.206964 370000.000000
planet 5 green 5974000000000000373293056.000000 96416918629.389847 10976746792.478991 -13770.632724 29483.393888 370000.000000
star 30 red 1988919999999999913189181489152.000000 4966.323137 170.777721 0.025514 0.001321 380000.000000
planet 5 green 5974000000000000373293056.000000 124499953457.309036 11289321804.437658 8656.374974 29612.717252 380000.000000
planet 5 green 5974000000000000373293056.000000 96277811756.189545 11271421278.071617 -13910.687320 29467.448559 380000.000000
star 30 red 1988919999999999913189181489152.000000 5228.216998 184.712546 0.026189 0.001393 390000.000000
planet 5 green 5974000000000000373293056.000000 124585671224.161209 11585372270.005373 8571.776685 29605.046557 390000.000000
planet 5 green 5974000000000000373293056.000000 96137301833.653183 11565931500.251936 -14050.992254 29451.022218 390000.000000
star 30 red 1988919999999999913189181489152.000000 5496.868575 199.391101 0.026865 0.001468 400000.000000
planet 5 green 5974000000000000373293056.000000 124670544706.406052 11881344229.071714 8487.348224 29597.195907 400000.000000
planet 5 green 5974000000000000373293056.000000 95995386353.841568 11860272619.014093 -14191.547981 29434.111876 400000.000000
star 30 red 1988919999999999913189181489152.000000 5772.280322 214.833391 0.027541 0.001544 410000.000000
planet 5 green 5974000000000000373293056.000000 124754575599.126923 12177235892.308748 8403.089272 29589.166324 410000.000000
planet 5 green 5974000000000000373293056.000000 95852062804.315689 12154439764.175419 -14332.354953 29416.714516 410000.000000
star 30 red 1988919999999999913189181489152.000000 6054.454717 231.059478 0.028217 0.001623 420000.000000
planet 5 green 5974000000000000373293056.000000 124837765594.197311 12473045480.537466 8318.999507 29580.958823 420000.000000
planet 5 green 5974000000000000373293056.000000 95707328668.199860 12448428035.074865 -14473.413612 29398.827090 420000.000000
star 30 red 1988919999999999913189181489152.000000 6343.394262 248.089489 0.028894 0.001703 430000.000000
planet 5 green 5974000000000000373293056.000000 124920116380.272583 12768771224.657516 8235.078608 29572.574412 430000.000000
planet 5 green 5974000000000000373293056.000000 95561181424.246780 12742232500.268497 -14614.724395 29380.446519 430000.000000
star 30 red 1988919999999999913189181489152.000000 6639.101480 265.943614 0.029571 0.001785 440000.000000
planet 5 green 5974000000000000373293056.000000 125001629642.781906 13064411365.577417 8151.326251 29564.014092 440000.000000
planet 5 green 5974000000000000373293056.000000 95413618546.904663 13035848197.221987 -14756.287734 29361.569695 440000.000000
star 30 red 1988919999999999913189181489152.000000 6941.578916 284.642105 0.030248 0.001870 450000.000000
planet 5 green 5974000000000000373293056.000000 125082307063.920471 13359964154.145254 8067.742114 29555.278857 450000.000000
planet 5 green 5974000000000000373293056.000000 95264637506.386429 13329270132.000076 -14898.104052 29342.193478 450000.000000
star 30 red 1988919999999999913189181489152.000000 7250.829138 304.205282 0.030925 0.001956 460000.000000
planet 5 green 5974000000000000373293056.000000 125162150322.642075 13655427851.079863 7984.325872 29546.369693 460000.000000
planet 5 green 5974000000000000373293056.000000 95114235768.740967 13622493278.952990 -15040.173765 29322.314695 460000.000000
star 30 red 1988919999999999913189181489152.000000 7566.854738 324.653532 0.031603 0.002045 470000.000000
planet 5 green 5974000000000000373293056.000000 125241161094.651901 13950800726.902475 7901.077201 29537.287582 470000.000000
planet 5 green 5974000000000000373293056.000000 94962410795.926544 13915512580.399761 -15182.497281 29301.930145 470000.000000
star 30 red 1988919999999999913189181489152.000000 7889.658327 346.007308 0.032280 0.002135 480000.000000
planet 5 green 5974000000000000373293056.000000 125319341052.399643 14246081061.868860 7817.995775 29528.033497 480000.000000
planet 5 green 5974000000000000373293056.000000 94809160045.886444 14208322946.308441 -15325.075004 29281.036591 480000.000000
star 30 red 1988919999999999913189181489152.000000 8219.242537 368.287134 0.032958 0.002228 490000.000000
planet 5 green 5974000000000000373293056.000000 125396691865.072845 14541267145.901915 7735.081267 29518.608403 490000.000000
planet 5 green 5974000000000000373293056.000000 94654480972.626801 14500919253.973150 -15467.907326 29259.630766 490000.000000
star 30 red 1988919999999999913189181489152.000000 8555.610026 391.513604 0.033637 0.002323 500000.000000
planet 5 green 5974000000000000373293056.000000 125473215198.590561 14836357278.524738 7652.333352 29509.013262 500000.000000
planet 5 green 5974000000000000373293056.000000 94498371026.296707 14793296347.687950 -15610.994633 29237.709371 500000.000000
star 30 red 1988919999999999913189181489152.000000 8898.763468 415.707382 0.034315 0.002419 510000.000000
planet 5 green 5974000000000000373293056.000000 125548912715.597260 15131349768.794165 7569.751701 29499.249027 510000.000000
planet 5 green 5974000000000000373293056.000000 94340827653.270691 15085449038.417496 -15754.337303 29215.269073 510000.000000
star 30 red 1988919999999999913189181489152.000000 9248.705561 440.889206 0.034994 0.002518 520000.000000
planet 5 green 5974000000000000373293056.000000 125623786075.456985 15426242935.234758 7487.335986 29489.316644 520000.000000
planet 5 green 5974000000000000373293056.000000 94181848296.233505 15377372103.464445 -15897.935704 29192.306505 520000.000000
star 30 red 1988919999999999913189181489152.000000 9605.439022 467.079887 0.035673 0.002619 530000.000000
planet 5 green 5974000000000000373293056.000000 125697836934.247803 15721035105.773268 7405.085879 29479.217054 530000.000000
planet 5 green 5974000000000000373293056.000000 94021430394.267410 15669060286.133581 -16041.790197 29168.818267 530000.000000
star 30 red 1988919999999999913189181489152.000000 9968.966590 494.300312 0.036353 0.002722 540000.000000
planet 5 green 5974000000000000373293056.000000 125771066944.756439 16015724617.673538 7323.001051 29468.951190 540000.000000
planet 5 green 5974000000000000373293056.000000 93859571382.941864 15960508295.392618 -16185.901133 29144.800926 540000.000000
star 30 red 1988919999999999913189181489152.000000 10339.291023 522.571445 0.037032 0.002827 550000.000000
planet 5 green 5974000000000000373293056.000000 125843477756.473251 16310309817.471876 7241.081172 29458.519980 550000.000000
planet 5 green 5974000000000000373293056.000000 93696268694.405762 16251710805.529661 -16330.268854 29120.251014 550000.000000
star 30 red 1988919999999999913189181489152.000000 10716.415100 551.914325 0.037712 0.002934 560000.000000
planet 5 green 5974000000000000373293056.000000 125915071015.587418 16604789060.912861 7159.325911 29447.924344 560000.000000
planet 5 green 5974000000000000373293056.000000 93531519757.482239 16542662455.807281 -16474.893692 29095.165028 560000.000000
star 30 red 1988919999999999913189181489152.000000 11100.341619 582.350072 0.038393 0.003044 570000.000000
planet 5 green 5974000000000000373293056.000000 125985848364.982330 16899160712.885609 7077.734939 29437.165197 570000.000000
planet 5 green 5974000000000000373293056.000000 93365321997.766144 16833357850.113178 -16619.775972 29069.539431 570000.000000
star 30 red 1988919999999999913189181489152.000000 11491.073396 613.899885 0.039073 0.003155 580000.000000
planet 5 green 5974000000000000373293056.000000 126055811444.231262 17193423147.360477 6996.307925 29426.243447 580000.000000
planet 5 green 5974000000000000373293056.000000 93197672837.724136 17123791556.607380 -16764.916004 29043.370649 580000.000000
star 30 red 1988919999999999913189181489152.000000 11888.613269 646.585044 0.039754 0.003269 590000.000000
planet 5 green 5974000000000000373293056.000000 126124961889.593277 17487574747.326210 6915.044536 29415.159997 590000.000000
planet 5 green 5974000000000000373293056.000000 93028569696.797516 17413958107.365971 -16910.314093 29016.655076 590000.000000
star 30 red 1988919999999999913189181489152.000000 12292.964092 680.426914 0.040435 0.003384 600000.000000
planet 5 green 5974000000000000373293056.000000 126193301334.009354 17781613904.727524 6833.944442 29403.915740 600000.000000
planet 5 green 5974000000000000373293056.000000 92858009991.507889 17703851998.021297 -17055.970529 28989.389066 600000.000000
star 30 red 1988919999999999913189181489152.000000 12704.128738 715.446940 0.041116 0.003502 610000.000000
planet 5 green 5974000000000000373293056.000000 126260831407.098740 18075539020.403130 6753.007309 29392.511568 610000.000000
planet 5 green 5974000000000000373293056.000000 92685991135.565689 17993467687.398605 -17201.885594 28961.568938 610000.000000
star 30 red 1988919999999999913189181489152.000000 13122.110100 751.666655 0.041798 0.003622 620000.000000
planet 5 green 5974000000000000373293056.000000 126327553735.155579 18369348504.024185 6672.232806 29380.948362 620000.000000
planet 5 green 5974000000000000373293056.000000 92512510539.981537 18282799597.149105 -17348.059558 28933.190975 620000.000000
star 30 red 1988919999999999913189181489152.000000 13546.911087 789.107678 0.042480 0.003744 630000.000000
planet 5 green 5974000000000000373293056.000000 126393469941.145660 18663040774.033173 6591.620599 29369.227001 630000.000000
planet 5 green 5974000000000000373293056.000000 92337565613.180618 18571842111.379398 -17494.492680 28904.251423 630000.000000
star 30 red 1988919999999999913189181489152.000000 13978.534625 827.791714 0.043162 0.003868 640000.000000
planet 5 green 5974000000000000373293056.000000 126458581644.703476 18956614257.583214 6511.170356 29357.348355 640000.000000
planet 5 green 5974000000000000373293056.000000 92161153761.120102 18860589576.277264 -17641.185206 28874.746490 640000.000000
star 30 red 1988919999999999913189181489152.000000 14416.983658 867.740560 0.043845 0.003995 650000.000000
planet 5 green 5974000000000000373293056.000000 126522890462.129456 19250067390.477806 6430.881743 29345.313289 650000.000000
planet 5 green 5974000000000000373293056.000000 91983272387.409592 19149036299.733711 -17788.137371 28844.672346 650000.000000
star 30 red 1988919999999999913189181489152.000000 14862.261147 908.976101 0.044528 0.004124 660000.000000
planet 5 green 5974000000000000373293056.000000 126586398006.387421 19543398617.110962 6350.754426 29333.122663 660000.000000
planet 5 green 5974000000000000373293056.000000 91803918893.434784 19437176550.961346 -17935.349397 28814.025123 660000.000000
star 30 red 1988919999999999913189181489152.000000 15314.370069 951.520313 0.045211 0.004254 670000.000000
planet 5 green 5974000000000000373293056.000000 126649105887.102234 19836606390.407803 6270.788071 29320.777330 670000.000000
planet 5 green 5974000000000000373293056.000000 91623090678.484360 19725004560.108936 -18082.821495 28782.800915 670000.000000
star 30 red 1988919999999999913189181489152.000000 15773.313416 995.395269 0.045894 0.004387 680000.000000
planet 5 green 5974000000000000373293056.000000 126711015710.557693 20129689171.765522 6190.982346 29308.278136 680000.000000
planet 5 green 5974000000000000373293056.000000 91440785139.880051 20012514517.872189 -18230.553860 28750.995776 680000.000000
star 30 red 1988919999999999913189181489152.000000 16239.094197 1040.623132 0.046578 0.004523 690000.000000
planet 5 green 5974000000000000373293056.000000 126772129079.694580 20422645430.994812 6111.336914 29295.625923 690000.000000
planet 5 green 5974000000000000373293056.000000 91256999673.110214 20299700575.100677 -18378.546677 28718.605723 690000.000000
star 30 red 1988919999999999913189181489152.000000 16711.715436 1087.226163 0.047262 0.004660 700000.000000
planet 5 green 5974000000000000373293056.000000 126832447594.108917 20715473646.261646 6031.851441 29282.821527 700000.000000
planet 5 green 5974000000000000373293056.000000 91071731671.966705 20586556842.400913 -18526.800114 28685.626730 700000.000000
star 30 red 1988919999999999913189181489152.000000 17191.180170 1135.226721 0.047946 0.004800 710000.000000
planet 5 green 5974000000000000373293056.000000 126891972850.050461 21008172304.029522 5952.525594 29269.865777 710000.000000
planet 5 green 5974000000000000373293056.000000 90884978528.685272 20873077389.735481 -18675.314328 28652.054733 710000.000000
star 30 red 1988919999999999913189181489152.000000 17677.491452 1184.647261 0.048631 0.004942 720000.000000
planet 5 green 5974000000000000373293056.000000 126950706440.421310 21300739899.002060 5873.359037 29256.759497 720000.000000
planet 5 green 5974000000000000373293056.000000 90696737634.089554 21159256246.018230 -18824.089460 28617.885628 720000.000000
star 30 red 1988919999999999913189181489152.000000 18170.652349 1235.510339 0.049316 0.005086 730000.000000
planet 5 green 5974000000000000373293056.000000 127008649954.774796 21593174934.066040 5794.351435 29243.503506 730000.000000
planet 5 green 5974000000000000373293056.000000 90507006377.738678 21445087398.705494 -18973.125635 28583.115269 730000.000000
star 30 red 1988919999999999913189181489152.000000 18670.665940 1287.838614 0.050001 0.005233 740000.000000
planet 5 green 5974000000000000373293056.000000 127065804979.314468 21885475920.234818 5715.502454 29230.098617 740000.000000
planet 5 green 5974000000000000373293056.000000 90315782148.078598 21730564793.383270 -19122.422966 28547.739468 740000.000000
star 30 red 1988919999999999913189181489152.000000 19177.535318 1341.654846 0.050687 0.005382 750000.000000
planet 5 green 5974000000000000373293056.000000 127122173096.893372 22177641376.592140 5636.811758 29216.545636 750000.000000
planet 5 green 5974000000000000373293056.000000 90123062332.597137 22015682333.350361 -19271.981548 28511.753997 750000.000000
star 30 red 1988919999999999913189181489152.000000 19691.263588 1396.981900 0.051373 0.005533 760000.000000
planet 5 green 5974000000000000373293056.000000 127177755887.013382 22469669830.236362 5558.279012 29202.845364 760000.000000
planet 5 green 5974000000000000373293056.000000 89928844317.983017 22300433879.197384 -19421.801461 28475.154585 760000.000000
star 30 red 1988919999999999913189181489152.000000 20211.853867 1453.842745 0.052059 0.005686 770000.000000
planet 5 green 5974000000000000373293056.000000 127232554925.824799 22761559816.225033 5479.903881 29188.998599 770000.000000
planet 5 green 5974000000000000373293056.000000 89733125490.288742 22584813248.381691 -19571.882769 28437.936918 770000.000000
star 30 red 1988919999999999913189181489152.000000 20739.309285 1512.260459 0.052746 0.005842 780000.000000
planet 5 green 5974000000000000373293056.000000 127286571786.126068 23053309877.519901 5401.686030 29175.006129 780000.000000
planet 5 green 5974000000000000373293056.000000 89535903235.097549 22868814214.798077 -19722.225519 28400.096642 780000.000000
star 30 red 1988919999999999913189181489152.000000 21273.632980 1572.258229 0.053432 0.006000 790000.000000
planet 5 green 5974000000000000373293056.000000 127339808037.363754 23344918564.932278 5323.625124 29160.868741 790000.000000
planet 5 green 5974000000000000373293056.000000 89337174937.694427 23152430508.345310 -19872.829740 28361.629355 790000.000000
star 30 red 1988919999999999913189181489152.000000 21814.828103 1633.859349 0.054120 0.006160 800000.000000
planet 5 green 5974000000000000373293056.000000 127392265245.632584 23636384437.068794 5245.720827 29146.587214 800000.000000
planet 5 green 5974000000000000373293056.000000 89136937983.241379 23435655814.488403 -20023.695445 28322.530614 800000.000000
star 30 red 1988919999999999913189181489152.000000 22362.897813 1697.087229 0.054807 0.006323 810000.000000
planet 5 green 5974000000000000373293056.000000 127443944973.675690 23927706060.277538 5167.972804 29132.162321 810000.000000
planet 5 green 5974000000000000373293056.000000 88935189756.956940 23718483773.816605 -20174.822628 28282.795933 810000.000000
star 30 red 1988919999999999913189181489152.000000 22917.845281 1761.965388 0.055495 0.006488 820000.000000
planet 5 green 5974000000000000373293056.000000 127494848780.885056 24218882008.594566 5090.380721 29117.594832 820000.000000
planet 5 green 5974000000000000373293056.000000 88731927644.300034 24000907981.597061 -20326.211266 28242.420778 820000.000000
star 30 red 1988919999999999913189181489152.000000 23479.673683 1828.517461 0.056183 0.006655 830000.000000
planet 5 green 5974000000000000373293056.000000 127544978223.302078 24509910863.690792 5012.944242 29102.885510 830000.000000
planet 5 green 5974000000000000373293056.000000 88527149031.158325 24282921987.324142 -20477.861314 28201.400573 830000.000000
star 30 red 1988919999999999913189181489152.000000 24048.386207 1896.767200 0.056871 0.006825 840000.000000
planet 5 green 5974000000000000373293056.000000 127594334853.618317 24800791214.819244 4935.663032 29088.035113 840000.000000
planet 5 green 5974000000000000373293056.000000 88320851304.041122 24564519294.264359 -20629.772712 28159.730694 840000.000000
star 30 red 1988919999999999913189181489152.000000 24623.986045 1966.738473 0.057560 0.006997 850000.000000
planet 5 green 5974000000000000373293056.000000 127642920221.176346 25091521658.762691 4858.536756 29073.044394 850000.000000
planet 5 green 5974000000000000373293056.000000 88113031850.276840 24845693358.996845 -20781.945376 28117.406473 850000.000000
star 30 red 1988919999999999913189181489152.000000 25206.476400 2038.455269 0.058249 0.007172 860000.000000
planet 5 green 5974000000000000373293056.000000 127690735871.970840 25382100799.781647 4781.565079 29057.914102 860000.000000
planet 5 green 5974000000000000373293056.000000 87903688058.215317 25126437590.949387 -20934.379206 28074.423195 860000.000000
star 30 red 1988919999999999913189181489152.000000 25795.860477 2111.941696 0.058938 0.007349 870000.000000
planet 5 green 5974000000000000373293056.000000 127737783348.649750 25672527249.562714 4704.747668 29042.644978 870000.000000
planet 5 green 5974000000000000373293056.000000 87692817317.434891 25406745351.929928 -21087.074078 28030.776098 870000.000000
star 30 red 1988919999999999913189181489152.000000 26392.141491 2187.221986 0.059628 0.007528 880000.000000
planet 5 green 5974000000000000373293056.000000 127784064190.515625 25962799627.167320 4628.084187 29027.237760 880000.000000
planet 5 green 5974000000000000373293056.000000 87480417018.954422 25686609955.653549 -21240.029848 27986.460372 880000.000000
star 30 red 1988919999999999913189181489152.000000 26995.322659 2264.320493 0.060318 0.007710 890000.000000
planet 5 green 5974000000000000373293056.000000 127829579933.527130 26252916558.980789 4551.574301 29011.693181 890000.000000
planet 5 green 5974000000000000373293056.000000 87266484555.450317 25966024667.264851 -21393.246350 27941.471161 890000.000000
star 30 red 1988919999999999913189181489152.000000 27605.407203 2343.261697 0.061008 0.007894 900000.000000
planet 5 green 5974000000000000373293056.000000 127874332110.300644 26542876678.661774 4475.217677 28996.011968 900000.000000
planet 5 green 5974000000000000373293056.000000 87051017321.478760 26244982702.855728 -21546.723397 27895.803559 900000.000000
star 30 red 1988919999999999913189181489152.000000 28222.398350 2424.070207 0.061699 0.008081 910000.000000
planet 5 green 5974000000000000373293056.000000 127918322250.112061 26832678627.092056 4399.013981 28980.194843 910000.000000
planet 5 green 5974000000000000373293056.000000 86834012713.703125 26523477228.978504 -21700.460778 27849.452612 910000.000000
star 30 red 1988919999999999913189181489152.000000 28846.299328 2506.770758 0.062390 0.008270 920000.000000
planet 5 green 5974000000000000373293056.000000 127961551878.898651 27122321052.326683 4322.962879 28964.242523 920000.000000
planet 5 green 5974000000000000373293056.000000 86615468131.126770 26801501362.154354 -21854.458258 27802.413318 920000.000000
star 30 red 1988919999999999913189181489152.000000 29477.113370 2591.388217 0.063081 0.008462 930000.000000
planet 5 green 5974000000000000373293056.000000 128004022519.261169 27411802609.544453 4247.064036 28948.155722 930000.000000
planet 5 green 5974000000000000373293056.000000 86395380975.331253 27079048168.377003 -22008.715580 27754.680622 930000.000000
star 30 red 1988919999999999913189181489152.000000 30114.843707 2677.947583 0.063773 0.008656 940000.000000
planet 5 green 5974000000000000373293056.000000 128045735690.465958 27701121960.998760 4171.317120 28931.935145 940000.000000
planet 5 green 5974000000000000373293056.000000 86173748650.720169 27356110662.611683 -22163.232461 27706.249423 940000.000000
star 30 red 1988919999999999913189181489152.000000 30759.493574 2766.473988 0.064465 0.008853 950000.000000
planet 5 green 5974000000000000373293056.000000 128086692908.447296 27990277775.968777 4095.721798 28915.581497 950000.000000
planet 5 green 5974000000000000373293056.000000 85950568564.768585 27632681808.289280 -22318.008595 27657.114568 950000.000000
