10000.0 30 red 1988919999999999913189181489152.000000 3.939677 0.000000 0.000394 0.000000
10000.0 5 green 5974000000000000373293056.000000 100511088365.710938 297600000.000000 -8891.163429 29760.000000
20000.0 30 red 1988919999999999913189181489152.000000 11.825954 0.011685 0.000789 0.000001
20000.0 5 green 5974000000000000373293056.000000 100420862792.853821 595196109.602192 -9022.557286 29759.610960
30000.0 30 red 1988919999999999913189181489152.000000 23.665767 0.046803 0.001184 0.000004
30000.0 5 green 5974000000000000373293056.000000 100329320971.337326 892784417.776875 -9154.182152 29758.830817
40000.0 30 red 1988919999999999913189181489152.000000 39.466074 0.117164 0.001580 0.000007
40000.0 5 green 5974000000000000373293056.000000 100236460585.270325 1190360992.652925 -9286.038607 29757.657488
50000.0 30 red 1988919999999999913189181489152.000000 59.233848 0.234640 0.001977 0.000012
50000.0 5 green 5974000000000000373293056.000000 100142279312.975281 1487921881.306287 -9418.127230 29756.088865
60000.0 30 red 1988919999999999913189181489152.000000 82.976079 0.411170 0.002374 0.000018
60000.0 5 green 5974000000000000373293056.000000 100046774827.002548 1785463109.546495 -9550.448597 29754.122824
70000.0 30 red 1988919999999999913189181489152.000000 110.699777 0.658753 0.002772 0.000025
70000.0 5 green 5974000000000000373293056.000000 99949944794.145630 2082980681.701165 -9683.003286 29751.757215
80000.0 30 red 1988919999999999913189181489152.000000 142.411965 0.989458 0.003171 0.000033
80000.0 5 green 5974000000000000373293056.000000 99851786875.457321 2380470580.398464 -9815.791869 29748.989870
90000.0 30 red 1988919999999999913189181489152.000000 178.119688 1.415416 0.003571 0.000043
90000.0 5 green 5974000000000000373293056.000000 99752298726.266907 2677928766.347522 -9948.814919 29745.818595
100000.0 30 red 1988919999999999913189181489152.000000 217.830004 1.948827 0.003971 0.000053
100000.0 5 green 5974000000000000373293056.000000 99651477996.198273 2975351178.116764 -10082.073007 29742.241177
110000.0 30 red 1988919999999999913189181489152.000000 261.549990 2.601958 0.004372 0.000065
110000.0 5 green 5974000000000000373293056.000000 99549322329.189072 3272733731.910140 -10215.566701 29738.255379
120000.0 30 red 1988919999999999913189181489152.000000 309.286740 3.387141 0.004774 0.000079
120000.0 5 green 5974000000000000373293056.000000 99445829363.510910 3570072321.341236 -10349.296568 29733.858943
130000.0 30 red 1988919999999999913189181489152.000000 361.047365 4.316780 0.005176 0.000093
130000.0 5 green 5974000000000000373293056.000000 99340996731.790558 3867362817.205232 -10483.263172 29729.049586
140000.0 30 red 1988919999999999913189181489152.000000 416.838992 5.403347 0.005579 0.000109
140000.0 5 green 5974000000000000373293056.000000 99234822061.032288 4164601067.248687 -10617.467076 29723.825004
150000.0 30 red 1988919999999999913189181489152.000000 476.668766 6.659383 0.005983 0.000126
150000.0 5 green 5974000000000000373293056.000000 99127302972.641296 4461782895.937138 -10751.908839 29718.182869
160000.0 30 red 1988919999999999913189181489152.000000 540.543848 8.097501 0.006388 0.000144
160000.0 5 green 5974000000000000373293056.000000 99018437082.448196 4758904104.220467 -10886.589019 29712.120828
170000.0 30 red 1988919999999999913189181489152.000000 608.471415 9.730385 0.006793 0.000163
170000.0 5 green 5974000000000000373293056.000000 98908222000.734726 5055960469.296036 -11021.508171 29705.636508
180000.0 30 red 1988919999999999913189181489152.000000 680.458664 11.570790 0.007199 0.000184
180000.0 5 green 5974000000000000373293056.000000 98796655332.260590 5352947744.369546 -11156.666847 29698.727507
190000.0 30 red 1988919999999999913189181489152.000000 756.512803 13.631545 0.007605 0.000206
190000.0 5 green 5974000000000000373293056.000000 98683734676.291473 5649861658.413607 -11292.065597 29691.391404
200000.0 30 red 1988919999999999913189181489152.000000 836.641061 15.925553 0.008013 0.000229
200000.0 5 green 5974000000000000373293056.000000 98569457626.628326 5946697915.923984 -11427.704966 29683.625751
210000.0 30 red 1988919999999999913189181489152.000000 920.850681 18.465789 0.008421 0.000254
210000.0 5 green 5974000000000000373293056.000000 98453821771.637863 6243452196.673510 -11563.585499 29675.428075
220000.0 30 red 1988919999999999913189181489152.000000 1009.148923 21.265305 0.008830 0.000280
220000.0 5 green 5974000000000000373293056.000000 98336824694.284317 6540120155.463621 -11699.707735 29666.795879
230000.0 30 red 1988919999999999913189181489152.000000 1101.543064 24.337229 0.009239 0.000307
230000.0 5 green 5974000000000000373293056.000000 98218463972.162552 6836697421.873500 -11836.072212 29657.726641
240000.0 30 red 1988919999999999913189181489152.000000 1198.040394 27.694764 0.009650 0.000336
240000.0 5 green 5974000000000000373293056.000000 98098737177.532425 7133179600.006798 -11972.679463 29648.217813
250000.0 30 red 1988919999999999913189181489152.000000 1298.648224 31.351190 0.010061 0.000366
250000.0 5 green 5974000000000000373293056.000000 97977641877.354538 7429562268.235911 -12109.530018 29638.266823
260000.0 30 red 1988919999999999913189181489152.000000 1403.373875 35.319868 0.010473 0.000397
260000.0 5 green 5974000000000000373293056.000000 97855175633.327347 7725840978.943784 -12246.624403 29627.871071
270000.0 30 red 1988919999999999913189181489152.000000 1512.224687 39.614234 0.010885 0.000429
270000.0 5 green 5974000000000000373293056.000000 97731336001.925766 8022011258.263208 -12383.963140 29617.027932
280000.0 30 red 1988919999999999913189181489152.000000 1625.208016 44.247807 0.011298 0.000463
280000.0 5 green 5974000000000000373293056.000000 97606120534.441071 8318068605.813601 -12521.546748 29605.734755
290000.0 30 red 1988919999999999913189181489152.000000 1742.331232 49.234185 0.011712 0.000499
290000.0 5 green 5974000000000000373293056.000000 97479526777.022400 8614008494.435225 -12659.375742 29593.988862
300000.0 30 red 1988919999999999913189181489152.000000 1863.601721 54.587045 0.012127 0.000535
300000.0 5 green 5974000000000000373293056.000000 97351552270.719666 8909826369.920818 -12797.450630 29581.787549
310000.0 30 red 1988919999999999913189181489152.000000 1989.026884 60.320151 0.012543 0.000573
310000.0 5 green 5974000000000000373293056.000000 97222194551.528061 9205517650.744638 -12935.771919 29569.128082
320000.0 30 red 1988919999999999913189181489152.000000 2118.614136 66.447345 0.012959 0.000613
320000.0 5 green 5974000000000000373293056.000000 97091451150.434097 9501077727.788841 -13074.340109 29556.007704
330000.0 30 red 1988919999999999913189181489152.000000 2252.370909 72.982557 0.013376 0.000654
330000.0 5 green 5974000000000000373293056.000000 96959319593.463211 9796501964.067207 -13213.155697 29542.423628
340000.0 30 red 1988919999999999913189181489152.000000 2390.304649 79.939797 0.013793 0.000696
340000.0 5 green 5974000000000000373293056.000000 96825797401.729095 10091785694.446178 -13352.219173 29528.373038
350000.0 30 red 1988919999999999913189181489152.000000 2532.422815 87.333165 0.014212 0.000739
350000.0 5 green 5974000000000000373293056.000000 96690882091.484589 10386924225.363157 -13491.531024 29513.853092
360000.0 30 red 1988919999999999913189181489152.000000 2678.732883 95.176843 0.014631 0.000784
360000.0 5 green 5974000000000000373293056.000000 96554571174.174316 10681912834.542070 -13631.091731 29498.860918
370000.0 30 red 1988919999999999913189181489152.000000 2829.242341 103.485103 0.015051 0.000831
370000.0 5 green 5974000000000000373293056.000000 96416862156.489059 10976746770.706137 -13770.901769 29483.393616
380000.0 30 red 1988919999999999913189181489152.000000 2983.958693 112.272305 0.015472 0.000879
380000.0 5 green 5974000000000000373293056.000000 96277752540.421906 11271421253.287834 -13910.961607 29467.448258
390000.0 30 red 1988919999999999913189181489152.000000 3142.889455 121.552896 0.015893 0.000928
390000.0 5 green 5974000000000000373293056.000000 96137239823.326172 11565931472.136017 -14051.271710 29451.021885
400000.0 30 red 1988919999999999913189181489152.000000 3306.042159 131.341413 0.016315 0.000979
400000.0 5 green 5974000000000000373293056.000000 95995321497.975204 11860272587.220173 -14191.832535 29434.111508
410000.0 30 red 1988919999999999913189181489152.000000 3473.424349 141.652486 0.016738 0.001031
410000.0 5 green 5974000000000000373293056.000000 95851995052.624069 12154439728.331772 -14332.644535 29416.714111
420000.0 30 red 1988919999999999913189181489152.000000 3645.043582 152.500834 0.017162 0.001085
420000.0 5 green 5974000000000000373293056.000000 95707257971.073105 12448427994.782686 -14473.708155 29398.826645
430000.0 30 red 1988919999999999913189181489152.000000 3820.907429 163.901270 0.017586 0.001140
430000.0 5 green 5974000000000000373293056.000000 95561107732.733521 12742232455.100651 -14615.023834 29380.446032
440000.0 30 red 1988919999999999913189181489152.000000 4001.023476 175.868698 0.018012 0.001197
440000.0 5 green 5974000000000000373293056.000000 95413541812.694946 13035848146.721724 -14756.592004 29361.569162
450000.0 30 red 1988919999999999913189181489152.000000 4185.399317 188.418120 0.018438 0.001255
450000.0 5 green 5974000000000000373293056.000000 95264557681.795029 13329270075.679731 -14898.413090 29342.192896
460000.0 30 red 1988919999999999913189181489152.000000 4374.042562 201.564631 0.018864 0.001315
460000.0 5 green 5974000000000000373293056.000000 95114152806.691162 13622493216.292648 -15040.487510 29322.314061
470000.0 30 red 1988919999999999913189181489152.000000 4566.960834 215.323422 0.019292 0.001376
470000.0 5 green 5974000000000000373293056.000000 94962324649.934265 13915512510.845901 -15182.815676 29301.929455
480000.0 30 red 1988919999999999913189181489152.000000 4764.161765 229.709782 0.019720 0.001439
480000.0 5 green 5974000000000000373293056.000000 94809070670.044830 14208322869.272543 -15325.397989 29281.035843
490000.0 30 red 1988919999999999913189181489152.000000 4965.653001 244.739097 0.020149 0.001503
490000.0 5 green 5974000000000000373293056.000000 94654388321.591110 14500919168.830282 -15468.234845 29259.629956
500000.0 30 red 1988919999999999913189181489152.000000 5171.442200 260.426855 0.020579 0.001569
500000.0 5 green 5974000000000000373293056.000000 94498275055.269638 14793296253.775326 -15611.326632 29237.708495
510000.0 30 red 1988919999999999913189181489152.000000 5381.537029 276.788640 0.021009 0.001636
510000.0 5 green 5974000000000000373293056.000000 94340728317.988022 15085448935.033005 -15754.673728 29215.268126
520000.0 30 red 1988919999999999913189181489152.000000 5595.945170 293.840141 0.021441 0.001705
520000.0 5 green 5974000000000000373293056.000000 94181745552.950089 15377371989.865156 -15898.276504 29192.305483
530000.0 30 red 1988919999999999913189181489152.000000 5814.674311 311.597146 0.021873 0.001776
530000.0 5 green 5974000000000000373293056.000000 94021324199.743500 15669060161.534212 -16042.135321 29168.817167
540000.0 30 red 1988919999999999913189181489152.000000 6037.732155 330.075548 0.022306 0.001848
540000.0 5 green 5974000000000000373293056.000000 93859461694.429764 15960508158.963982 -16186.250531 29144.799743
